NAME : single
TYPE : ATSP
DIMENSION : 14
EDGE_WEIGHT_TYPE : EXPLICIT
EDGE_WEIGHT_FORMAT : FULL_MATRIX
EDGE_WEIGHT_SECTION
0 45234 1028 1053 970 936 869 863 742 630 505 222 155 168 
150 0 265 371 273 395 449 425 653 823 1018 45150 45150 45150 
150 323 0 294 277 273 355 369 559 831 946 45150 45150 45150 
150 371 236 0 374 314 396 405 600 886 1026 45150 45150 45150 
150 294 240 396 0 370 379 284 485 667 754 45150 948 856 
150 395 215 314 348 0 232 296 436 647 734 914 958 872 
150 469 316 416 377 251 0 325 335 513 609 789 854 772 
150 448 334 427 285 318 328 0 406 471 562 790 45150 725 
150 653 501 600 463 436 315 384 0 308 386 628 622 560 
150 823 772 886 646 647 493 449 308 0 253 446 483 435 
150 1018 888 1026 733 734 589 539 386 253 0 342 385 331 
150 45150 45091 45150 45128 914 769 767 628 446 342 0 359 251 
150 45150 45091 45150 926 958 834 45127 622 483 385 359 0 257 
150 45150 45091 45150 835 872 752 702 560 435 331 251 257 0 
EOF