NAME : single
TYPE : ATSP
DIMENSION : 14
EDGE_WEIGHT_TYPE : EXPLICIT
EDGE_WEIGHT_FORMAT : FULL_MATRIX
EDGE_WEIGHT_SECTION
0 1270 1351 1370 1148 1107 1051 847 590 519 680 681 170 194 
0 0 146 294 423 377 336 384 50000 50000 50000 50000 50000 50000 
0 146 0 148 512 466 425 549 50000 50000 50000 50000 50000 50000 
0 294 148 0 513 454 416 546 50000 50000 50000 50000 50000 50000 
0 423 512 513 0 142 290 393 580 759 50000 50000 1227 1188 
0 377 466 454 142 0 148 355 535 711 50000 50000 1257 1219 
0 336 425 416 290 148 0 300 485 642 50000 50000 1112 1072 
0 384 549 546 393 355 300 0 265 316 401 444 792 745 
0 50000 50000 50000 580 535 485 265 0 124 284 175 468 429 
0 50000 50000 50000 759 711 642 316 124 0 280 245 448 399 
0 50000 50000 50000 50000 50000 50000 401 284 280 0 156 464 416 
0 50000 50000 50000 50000 50000 50000 444 175 245 156 0 445 397 
0 50000 50000 50000 1227 1257 1112 792 468 448 464 445 0 65 
0 50000 50000 50000 1188 1219 1072 745 429 399 416 397 65 0 
EOF