NAME : single
TYPE : ATSP
DIMENSION : 16
EDGE_WEIGHT_TYPE : EXPLICIT
EDGE_WEIGHT_FORMAT : FULL_MATRIX
EDGE_WEIGHT_SECTION
0 1302 1301 1121 1237 1210 1260 794 581 392 389 274 216 156 172 364 
0 0 327 279 175 210 98 652 598 50000 50000 50000 50000 50000 50000 50000 
0 327 0 158 238 133 289 596 50000 50000 50000 50000 50000 50000 50000 50000 
0 279 158 0 265 254 285 442 429 667 743 874 813 828 814 811 
0 175 238 265 0 105 146 639 568 50000 50000 50000 50000 50000 50000 50000 
0 210 133 254 105 0 180 580 50000 50000 50000 50000 50000 50000 50000 50000 
0 98 289 285 146 180 0 604 552 50000 50000 50000 50000 50000 50000 50000 
0 652 596 442 639 580 604 0 186 475 566 713 652 667 662 618 
0 598 50000 429 568 50000 552 186 0 270 352 444 383 396 394 411 
0 50000 50000 667 50000 50000 50000 475 270 0 204 253 192 214 218 250 
0 50000 50000 743 50000 50000 50000 566 352 204 0 294 270 223 221 144 
0 50000 50000 874 50000 50000 50000 713 444 253 294 0 60 132 299 325 
0 50000 50000 813 50000 50000 50000 652 383 192 270 60 0 148 284 237 
0 50000 50000 828 50000 50000 50000 667 396 214 223 132 148 0 166 240 
0 50000 50000 814 50000 50000 50000 662 394 218 221 299 284 166 0 233 
0 50000 50000 811 50000 50000 50000 618 411 250 144 325 237 240 233 0 
EOF